 30   1 2.13E+05
 48   1 1.03E+07
 58   1 4.51E+06
 61   1 1.44E+06
 81   1 3.89E+06
 97   1 4.27E+05
100   1 2.38E+07
108   1 3.20E+07
127   1 7.38E+06
129   1 1.41E+08
133   1 4.63E+07
143   1 4.82E+07
147   1 6.64E+07
154   1 1.90E+07
172   1 5.47E+06
174   1 8.66E+07
180   1 3.49E+07
198   1 1.37E+07
218   1 1.11E+08
232   1 7.82E+05
242   1 8.79E+07
 25   2 1.58E+05
 30   2 7.22E+03
 48   2 1.38E+05
 52   2 4.29E+05
 58   2 4.13E+05
 61   2 2.28E+07
 81   2 4.57E+05
 87   2 3.70E+06
 95   2 3.44E+04
 97   2 3.76E+06
100   2 8.42E+06
108   2 4.73E+07
117   2 2.29E+06
127   2 1.62E+07
129   2 9.35E+04
133   2 4.87E+07
143   2 5.71E+07
147   2 1.56E+07
151   2 1.43E+08
154   2 1.69E+08
156   2 1.18E+08
160   2 7.33E+07
164   2 1.51E+08
172   2 9.82E+07
174   2 2.30E+06
175   2 5.73E+07
180   2 6.94E+06
181   2 3.90E+07
186   2 1.69E+07
194   2 1.63E+07
197   2 1.17E+08
198   2 4.89E+05
205   2 9.66E+04
218   2 2.85E+07
219   2 6.59E+07
222   2 6.30E+08
227   2 1.94E+04
232   2 1.16E+06
238   2 3.64E+05
241   2 2.72E+07
242   2 5.07E+06
 39   3 1.78E+04
 46   3 6.79E+04
 49   3 4.54E+06
 55   3 5.66E+06
 60   3 1.14E+07
 68   3 2.58E+06
 70   3 4.67E+05
 79   3 3.02E+06
 82   3 3.21E+04
 85   3 9.09E+05
 88   3 3.86E+05
 94   3 2.75E+05
102   3 1.59E+05
107   3 3.08E+07
113   3 7.83E+05
156   3 2.63E+05
164   3 7.14E+05
170   3 1.28E+05
175   3 3.24E+04
181   3 4.10E+05
182   3 9.07E+05
186   3 9.55E+04
189   3 1.39E+05
190   3 7.45E+04
194   3 1.06E+05
195   3 3.26E+05
200   3 9.63E+05
201   3 1.38E+05
205   3 3.19E+04
208   3 4.93E+05
214   3 8.66E+04
219   3 1.15E+05
220   3 5.26E+05
221   3 9.09E+04
225   3 2.63E+06
226   3 7.67E+05
227   3 4.02E+05
228   3 1.67E+05
233   3 2.89E+05
238   3 8.40E+04
239   3 2.09E+06
243   3 5.27E+04
 30   4 4.59E+04
 39   4 5.86E+05
 48   4 2.40E+06
 49   4 3.03E+05
 55   4 6.49E+05
 58   4 1.73E+06
 61   4 3.85E+06
 70   4 1.27E+07
 79   4 1.33E+05
 81   4 1.70E+06
 85   4 6.24E+06
 97   4 6.89E+06
100   4 2.50E+06
108   4 3.73E+06
127   4 2.97E+06
129   4 2.48E+06
133   4 3.12E+07
143   4 3.21E+07
147   4 3.39E+07
154   4 9.81E+06
156   4 6.18E+07
164   4 6.47E+07
170   4 8.64E+05
172   4 1.21E+08
174   4 4.88E+07
175   4 8.37E+05
180   4 9.93E+06
181   4 2.78E+07
182   4 6.70E+05
186   4 8.05E+07
189   4 1.79E+07
190   4 1.82E+07
194   4 5.48E+05
195   4 6.06E+06
198   4 2.69E+07
201   4 3.40E+07
205   4 2.23E+07
208   4 1.68E+08
218   4 5.62E+07
219   4 1.09E+07
221   4 7.35E+07
227   4 3.86E+05
228   4 3.25E+07
232   4 5.43E+05
238   4 2.77E+07
239   4 2.40E+07
242   4 6.12E+07
243   4 8.01E+06
 30   7 1.57E+02
 48   7 1.22E+05
 58   7 3.18E+05
 61   7 6.88E+03
 81   7 5.55E+04
 97   7 4.32E+06
100   7 1.51E+06
108   7 4.64E+05
127   7 5.24E+06
129   7 1.46E+04
133   7 5.25E+05
143   7 1.45E+05
147   7 1.06E+06
154   7 3.98E+06
172   7 2.88E+07
174   7 1.47E+07
180   7 1.29E+06
198   7 2.67E+07
218   7 5.27E+06
232   7 2.25E+06
242   7 2.76E+07
 25   9 2.29E+02
 30   9 2.89E+02
 48   9 4.14E+04
 52   9 2.41E+05
 58   9 1.88E+05
 61   9 4.26E+04
 81   9 3.30E+04
 87   9 1.59E+05
 95   9 1.50E+04
 97   9 1.38E+06
100   9 1.03E+05
108   9 2.92E+05
117   9 6.69E+06
127   9 2.01E+05
129   9 5.35E+05
133   9 5.42E+05
143   9 5.54E+04
147   9 7.47E+04
151   9 1.14E+07
154   9 8.73E+06
156   9 1.40E+06
160   9 1.57E+05
164   9 6.53E+05
172   9 9.84E+06
174   9 4.04E+06
175   9 2.06E+06
180   9 2.07E+06
181   9 1.25E+07
186   9 1.38E+07
194   9 5.12E+06
197   9 3.87E+06
198   9 7.51E+05
205   9 1.96E+05
218   9 7.59E+04
219   9 2.68E+06
222   9 8.92E+04
227   9 1.50E+06
232   9 7.85E+06
238   9 1.11E+06
241   9 3.39E+06
242   9 2.88E+06
 30  11 1.53E+01
 39  11 9.17E+01
 48  11 4.38E+02
 49  11 1.04E+03
 55  11 3.55E+01
 58  11 6.61E+04
 61  11 3.62E+02
 70  11 6.57E+03
 79  11 7.48E+04
 81  11 9.07E+03
 85  11 1.96E+04
 97  11 3.42E+04
100  11 4.33E+05
108  11 3.75E+05
127  11 4.79E+04
129  11 1.48E+05
133  11 1.06E+06
143  11 3.22E+05
147  11 1.21E+05
154  11 4.82E+03
156  11 3.13E+05
164  11 1.61E+06
170  11 4.75E+06
172  11 7.61E+05
174  11 1.49E+05
175  11 5.06E+05
180  11 4.14E+05
181  11 2.08E+06
182  11 3.88E+05
186  11 3.82E+06
189  11 3.19E+02
190  11 6.13E+05
194  11 9.46E+06
195  11 4.12E+04
198  11 3.26E+05
201  11 1.32E+06
205  11 5.67E+04
208  11 1.25E+05
218  11 5.77E+06
219  11 1.81E+06
221  11 4.75E+06
227  11 2.42E+04
228  11 5.27E+06
232  11 5.08E+04
238  11 1.33E+06
239  11 6.26E+05
242  11 2.36E+05
243  11 9.05E+05
 46  13 1.04E+00
 53  13 2.08E+01
 60  13 3.67E+01
 68  13 8.05E+01
 75  13 2.66E-01
 76  13 7.01E+01
 82  13 4.86E+02
 88  13 7.08E+03
 91  13 6.89E+02
 94  13 1.67E+05
102  13 2.32E+05
103  13 4.83E+04
107  13 5.86E+05
110  13 1.78E+02
113  13 4.21E+04
115  13 4.08E+05
118  13 5.17E+05
124  13 1.46E+06
130  13 1.25E+06
148  13 1.67E+05
157  13 1.32E+05
165  13 2.82E+05
169  13 4.06E+05
179  13 4.19E+05
192  13 1.37E+05
193  13 2.71E+06
200  13 2.56E+05
203  13 1.85E+05
214  13 9.44E+03
215  13 1.07E+06
220  13 1.36E+06
223  13 1.33E+06
225  13 2.47E+03
226  13 5.21E+05
229  13 1.89E+06
231  13 2.74E+06
233  13 6.69E+05
234  13 1.00E+04
245  13 1.05E+05
 53  16 3.25E-01
 75  16 1.86E+02
 76  16 3.69E+02
 91  16 1.81E+04
103  16 6.00E+03
110  16 5.54E+03
115  16 7.85E+04
118  16 2.05E+03
124  16 4.35E+03
130  16 1.50E+04
135  16 1.56E+04
148  16 2.80E+05
157  16 7.63E+04
165  16 1.77E+03
169  16 3.68E+05
179  16 1.91E+03
184  16 9.21E+04
192  16 8.21E+04
193  16 6.25E+04
203  16 5.58E+05
211  16 7.49E+05
215  16 6.96E+04
223  16 5.01E+03
229  16 4.37E+02
231  16 3.84E+04
234  16 9.17E+04
245  16 1.90E+05
 25  19 2.99E+00
 30  19 2.36E-02
 48  19 5.60E+03
 52  19 1.36E+05
 58  19 4.31E+04
 61  19 8.43E+03
 81  19 1.67E+04
 87  19 5.45E+04
 95  19 2.13E+06
 97  19 2.23E+04
100  19 5.77E+05
108  19 5.65E+02
117  19 1.65E+05
127  19 7.98E+04
129  19 9.51E+04
133  19 1.19E+06
143  19 1.31E+05
147  19 3.42E+05
151  19 4.38E+06
154  19 9.18E+05
156  19 1.30E+06
160  19 3.66E+06
164  19 4.25E+04
172  19 4.69E+06
174  19 1.84E+06
175  19 5.35E+06
180  19 3.84E+03
181  19 7.50E+05
186  19 1.72E+06
194  19 3.63E+04
197  19 2.96E+05
198  19 1.41E+05
205  19 3.74E+06
218  19 4.78E+03
219  19 1.96E+06
222  19 1.20E+07
227  19 1.21E+05
232  19 1.40E+07
238  19 3.77E+06
241  19 3.52E+06
242  19 1.31E+06
 32  25 3.04E+01
 40  25 5.64E+01
 57  25 3.52E+02
 67  25 4.28E+03
 86  25 1.02E+00
131  25 2.69E+04
171  25 6.54E+01
185  25 8.78E+07
210  25 2.53E+04
230  25 1.15E+05
235  25 1.58E+05
237  25 2.94E+08
 46  26 9.60E+01
 53  26 3.28E+01
 60  26 9.35E-02
 68  26 2.29E+03
 75  26 2.23E+00
 76  26 7.10E+02
 82  26 8.60E+04
 88  26 3.09E+04
 91  26 1.06E+04
 94  26 6.76E+04
102  26 9.88E+04
103  26 1.69E+04
107  26 4.85E+03
110  26 6.75E+04
113  26 1.58E+05
115  26 1.19E+04
118  26 2.37E+05
124  26 1.14E+02
130  26 5.27E+04
148  26 3.30E+03
157  26 2.36E+04
165  26 2.40E+06
169  26 3.91E+05
179  26 7.15E+05
192  26 3.89E+06
193  26 7.54E+05
200  26 4.68E+06
203  26 7.46E+05
214  26 9.82E+05
215  26 5.11E+04
220  26 6.82E+06
223  26 5.56E+04
225  26 3.81E+06
226  26 4.30E+06
229  26 1.06E+07
231  26 4.96E+05
233  26 1.69E+06
234  26 2.30E+06
245  26 2.34E+04
 53  27 7.38E+02
 75  27 3.26E+04
 76  27 9.67E+04
 91  27 3.22E+06
103  27 1.60E+06
110  27 1.89E+06
115  27 2.02E+06
118  27 4.15E+04
124  27 1.82E+05
130  27 2.52E+06
135  27 1.12E+06
148  27 1.31E+06
157  27 1.60E+06
165  27 5.31E+06
169  27 7.76E+05
179  27 3.22E+06
184  27 4.31E+06
192  27 1.61E+06
193  27 7.52E+05
203  27 5.20E+06
211  27 3.23E+05
215  27 5.03E+06
223  27 1.57E+06
229  27 3.46E+06
231  27 4.62E+06
234  27 1.98E+06
245  27 4.54E+05
 31  30 6.76E-04
 32  30 1.33E+00
 37  30 5.99E+02
 40  30 2.38E+02
 57  30 1.20E+02
 67  30 3.59E+03
 86  30 1.83E+02
 96  30 1.27E+04
131  30 3.10E+05
161  30 1.61E+04
171  30 7.67E+03
185  30 1.48E+08
204  30 1.46E+03
206  30 1.51E+04
210  30 6.46E+04
213  30 3.39E+05
217  30 1.66E+06
230  30 1.17E+04
235  30 1.94E+06
237  30 2.04E+08
240  30 2.81E+08
 48  31 2.87E+03
 58  31 9.82E+03
 61  31 1.88E+02
 81  31 5.75E+02
 97  31 2.53E+05
100  31 1.54E+02
108  31 4.50E+04
127  31 3.66E+05
129  31 1.34E+05
133  31 2.98E+04
143  31 1.91E+04
147  31 2.26E+05
154  31 1.66E+05
172  31 4.48E+04
174  31 1.58E+06
180  31 3.85E+05
198  31 3.98E+03
218  31 1.76E+02
232  31 2.06E+02
242  31 9.12E+05
 48  32 1.33E+04
 52  32 3.90E+05
 58  32 1.81E+05
 61  32 6.34E+04
 81  32 2.93E+05
 87  32 1.55E+06
 95  32 6.57E+01
 97  32 1.53E+06
100  32 1.33E+05
108  32 6.01E+02
117  32 1.17E+07
127  32 7.44E+06
129  32 4.71E+05
133  32 1.78E+06
143  32 5.43E+06
147  32 2.44E+06
151  32 1.07E+07
154  32 8.77E+05
156  32 2.51E+06
160  32 4.67E+06
164  32 2.82E+05
172  32 3.96E+06
174  32 3.28E+06
175  32 7.36E+05
180  32 2.56E+06
181  32 7.03E+04
186  32 1.39E+06
194  32 4.96E+05
197  32 1.09E+07
198  32 9.93E+05
205  32 7.09E+02
218  32 1.85E+06
219  32 1.79E+06
222  32 1.23E+06
227  32 5.69E+04
232  32 1.24E+06
238  32 6.22E+05
241  32 1.58E+07
242  32 3.68E+06
 48  37 1.53E+04
 58  37 2.29E+04
 61  37 1.29E+04
 81  37 9.15E+05
 97  37 2.00E+04
100  37 1.53E+05
108  37 2.34E+05
127  37 1.91E+06
129  37 1.34E+05
133  37 2.33E+04
143  37 1.56E+06
147  37 2.41E+05
154  37 3.88E+05
172  37 2.93E+05
174  37 2.73E+05
180  37 5.48E+05
198  37 3.63E+06
218  37 4.71E+05
232  37 6.25E+06
242  37 6.37E+06
 64  39 1.60E-03
 74  39 5.80E+01
 77  39 3.80E+02
 84  39 6.35E+00
 92  39 6.62E+02
109  39 1.07E+00
125  39 1.10E+00
126  39 1.46E+03
137  39 1.96E+04
141  39 6.84E+04
149  39 3.60E+04
158  39 1.35E+05
167  39 1.24E+03
176  39 1.33E+04
196  39 4.58E+04
204  39 3.33E+05
206  39 1.14E+05
209  39 1.99E+04
212  39 3.93E+04
224  39 8.24E+04
236  39 5.71E+01
240  39 3.69E+06
244  39 1.90E+07
246  39 4.66E+07
249  39 4.43E+06
250  39 1.68E+04
 48  40 1.76E+02
 52  40 6.33E+04
 58  40 6.49E+02
 61  40 7.78E+03
 81  40 3.83E+04
 87  40 2.34E+06
 95  40 3.66E+04
 97  40 6.57E+03
100  40 2.23E+04
108  40 5.97E+04
117  40 4.96E+06
127  40 3.25E+05
129  40 1.76E+05
133  40 7.93E+04
143  40 5.83E+05
147  40 1.44E+04
151  40 8.04E+04
154  40 1.62E+03
156  40 1.32E+06
160  40 2.53E+05
164  40 1.30E+06
172  40 1.31E+05
174  40 1.06E+05
175  40 2.42E+06
180  40 5.69E+05
181  40 4.19E+04
186  40 3.57E+04
194  40 1.07E+06
197  40 9.70E+06
198  40 1.92E+05
205  40 3.63E+06
218  40 1.83E+05
219  40 3.48E+06
222  40 4.44E+06
227  40 1.27E+06
232  40 4.87E+05
238  40 5.95E+05
241  40 1.64E+07
242  40 4.48E+05
 53  41 3.79E-01
 75  41 5.42E+00
 76  41 3.44E+01
 91  41 1.09E+03
103  41 1.41E+03
110  41 3.26E+03
115  41 1.12E+04
118  41 2.27E+01
124  41 3.67E+02
130  41 8.15E+02
135  41 7.41E-02
148  41 6.04E+03
157  41 1.83E+03
165  41 5.96E+03
169  41 3.33E+02
179  41 1.42E+02
184  41 5.35E+01
192  41 4.32E+01
193  41 1.86E+04
203  41 3.73E+04
211  41 3.79E+04
215  41 1.76E+04
223  41 7.23E+02
229  41 4.13E+04
231  41 1.44E+04
234  41 1.81E+04
245  41 6.80E+04
 59  46 5.10E-01
 63  46 3.37E+00
 64  46 1.76E-02
 74  46 1.39E+02
 77  46 9.12E+01
 84  46 1.56E+02
 89  46 1.74E+01
 92  46 2.34E+03
109  46 3.20E-01
125  46 5.53E-01
126  46 3.79E+03
137  46 3.10E+04
141  46 1.81E+05
142  46 6.35E+00
149  46 1.05E+05
158  46 3.63E+05
167  46 6.80E+03
176  46 2.60E+05
183  46 1.21E+01
196  46 2.64E+05
209  46 4.70E+04
212  46 1.23E+05
224  46 5.65E+04
236  46 3.24E-01
244  46 3.08E+05
246  46 1.30E+08
248  46 3.59E+07
249  46 1.04E+07
250  46 1.70E+06
 57  48 5.83E-02
 67  48 1.10E+02
 86  48 1.37E+03
 96  48 3.80E+05
131  48 3.31E+02
161  48 1.77E+05
171  48 7.69E+02
185  48 1.76E+07
204  48 2.72E+01
206  48 1.14E+05
210  48 2.82E+03
213  48 2.50E+06
217  48 1.92E+08
230  48 5.37E+04
235  48 5.69E+02
237  48 7.64E+06
240  48 8.76E+06
 64  49 1.97E-02
 74  49 3.63E+01
 77  49 5.20E+01
 84  49 1.15E+02
 92  49 3.02E+01
109  49 3.83E-01
125  49 3.78E+00
126  49 3.06E+03
137  49 3.18E+02
141  49 8.15E+04
149  49 1.85E+04
158  49 4.81E+04
167  49 1.92E+02
176  49 5.50E+04
196  49 7.06E+04
204  49 2.14E+03
206  49 9.77E+02
209  49 5.95E+03
212  49 1.91E+05
224  49 8.89E+03
236  49 7.60E+02
240  49 1.62E+06
244  49 4.35E+03
246  49 1.13E+08
249  49 2.39E+06
250  49 2.03E+06
 57  52 1.19E+01
 67  52 1.91E+02
 86  52 2.36E+03
131  52 1.81E+06
171  52 5.06E+04
185  52 7.34E+05
210  52 8.78E+05
230  52 2.53E+05
235  52 1.60E+07
237  52 2.10E+06
 59  53 1.68E-02
 63  53 4.65E+00
 66  53 1.59E+00
 74  53 7.27E+00
 77  53 2.36E+01
 84  53 1.81E+00
 89  53 1.32E+01
 90  53 6.86E+01
126  53 9.07E+02
141  53 2.23E+05
142  53 2.13E+02
149  53 1.15E+05
167  53 4.12E+04
176  53 5.81E+05
183  53 2.85E+03
202  53 1.09E+02
212  53 6.95E+05
246  53 1.11E+08
248  53 1.45E+08
250  53 9.63E+06
 64  55 3.32E-05
 74  55 1.12E+02
 77  55 4.46E+02
 84  55 1.59E+02
 92  55 7.51E+01
109  55 7.17E-01
125  55 2.73E-01
126  55 4.13E+01
137  55 8.68E+03
141  55 2.15E+03
149  55 1.69E+02
158  55 7.18E+04
167  55 5.68E+03
176  55 2.95E+04
196  55 4.50E+04
204  55 3.59E+04
206  55 1.79E+04
209  55 7.69E+03
212  55 1.20E+03
224  55 3.30E+03
236  55 1.54E+02
240  55 3.09E+04
244  55 2.30E+06
246  55 2.09E+06
249  55 1.99E+06
250  55 1.11E+05
 58  57 2.16E-03
 61  57 3.58E+00
 81  57 1.05E-01
 87  57 2.35E+03
 95  57 2.85E+02
 97  57 3.12E+02
100  57 2.17E+03
108  57 1.37E+04
117  57 3.63E+03
127  57 1.71E+03
129  57 1.47E+00
133  57 6.29E+03
143  57 2.91E+01
147  57 7.62E+03
151  57 4.72E+01
154  57 1.93E+04
156  57 3.89E+03
160  57 8.73E+02
164  57 8.61E+02
172  57 9.45E+03
174  57 1.30E+03
175  57 3.31E+03
180  57 2.05E+04
181  57 6.62E+02
186  57 3.86E+02
194  57 2.35E+01
197  57 3.00E+03
198  57 7.98E+01
205  57 1.17E+02
218  57 1.21E+04
219  57 3.45E+03
222  57 9.84E+04
227  57 4.63E+03
232  57 8.54E+03
238  57 3.82E+03
241  57 1.63E+05
242  57 4.73E+04
 67  58 9.50E+00
 86  58 7.47E+02
 96  58 3.31E+01
131  58 9.80E+05
161  58 4.15E+05
171  58 1.87E+04
185  58 1.71E+03
204  58 6.13E+05
206  58 1.28E+05
210  58 6.19E+05
213  58 2.10E+04
217  58 7.68E+06
230  58 2.42E+05
235  58 8.80E+06
237  58 1.51E+05
240  58 1.76E+05
 60  59 6.80E-07
 68  59 9.07E-03
 75  59 7.86E-04
 76  59 9.56E-02
 82  59 1.41E+01
 88  59 1.26E+01
 91  59 6.17E+01
 94  59 2.22E+03
102  59 9.53E+02
103  59 7.43E+00
107  59 5.88E+03
110  59 2.63E+02
113  59 1.53E+01
115  59 5.93E+02
118  59 2.37E+02
124  59 1.69E+00
130  59 5.15E+03
148  59 4.21E+01
157  59 1.94E+03
165  59 2.47E+04
169  59 4.87E+04
179  59 4.68E+03
192  59 1.21E+03
193  59 3.38E+03
200  59 3.35E+03
203  59 1.62E+04
214  59 5.11E+01
215  59 3.05E+04
220  59 2.09E+05
223  59 4.42E+03
225  59 5.05E+04
226  59 1.49E+03
229  59 1.30E+03
231  59 7.25E+04
233  59 4.09E+04
234  59 1.37E+04
245  59 2.16E+05
 63  60 8.65E-02
 64  60 1.57E-06
 74  60 1.43E+01
 77  60 1.62E+01
 84  60 4.37E+01
 89  60 3.24E+00
 92  60 1.20E+02
109  60 9.16E-02
125  60 2.38E-02
126  60 4.39E+02
137  60 2.14E+03
141  60 1.54E+04
142  60 5.47E+03
149  60 2.79E+03
158  60 8.30E+03
167  60 1.85E+02
176  60 1.51E+04
183  60 2.31E+03
196  60 4.67E+02
209  60 5.23E+02
212  60 4.92E+03
224  60 1.90E+01
236  60 9.90E+01
244  60 3.44E+06
246  60 2.43E+07
248  60 1.38E+08
249  60 3.26E+05
250  60 1.69E+05
 67  61 1.08E+01
 86  61 5.27E+02
 96  61 2.18E+03
131  61 4.90E+06
161  61 1.01E+04
171  61 8.68E+04
185  61 5.06E+06
204  61 2.81E+04
206  61 2.22E+02
210  61 5.90E+05
213  61 6.46E+03
217  61 1.53E+05
230  61 2.18E+04
235  61 5.27E+07
237  61 7.27E+05
240  61 1.30E+06
 68  63 2.00E-02
 75  63 4.99E+00
 76  63 1.23E+00
 82  63 2.21E+01
 88  63 9.43E+02
 91  63 1.25E+02
 94  63 6.17E+02
102  63 4.72E+03
103  63 4.91E+03
107  63 2.16E+04
110  63 2.28E+04
113  63 7.62E+03
115  63 3.18E+04
118  63 3.31E+03
124  63 1.79E+04
130  63 2.14E+04
148  63 8.09E+04
157  63 5.93E+03
165  63 4.57E+05
169  63 1.13E+04
179  63 1.41E+04
192  63 1.02E+04
193  63 1.36E+05
200  63 9.00E+02
203  63 1.02E+06
214  63 7.34E+02
215  63 3.41E+05
220  63 7.45E+05
223  63 7.06E+04
225  63 2.57E+04
226  63 3.15E+03
229  63 2.41E+05
231  63 2.18E+05
233  63 2.25E+02
234  63 2.84E+05
245  63 4.81E+04
 68  64 1.10E-05
 70  64 1.13E-02
 79  64 4.46E-01
 82  64 5.46E-01
 85  64 1.63E-01
 88  64 4.34E+00
 94  64 4.77E+01
102  64 1.57E+01
107  64 6.99E+01
113  64 5.38E+01
156  64 1.32E+00
164  64 2.06E+02
170  64 4.42E+02
175  64 1.26E+04
181  64 4.93E+03
182  64 2.77E+02
186  64 1.68E+03
189  64 3.53E+02
190  64 1.14E+03
194  64 3.65E+03
195  64 2.29E+02
200  64 2.07E+03
201  64 1.78E+01
205  64 5.16E+03
208  64 2.09E+01
214  64 2.01E+02
219  64 2.52E+01
220  64 3.60E+02
221  64 2.68E+01
225  64 1.54E+00
226  64 8.46E+02
227  64 9.53E+02
228  64 2.60E+03
233  64 3.11E+02
238  64 8.76E+02
239  64 5.20E+02
243  64 1.44E-01
 75  66 1.05E-01
 76  66 1.25E+00
 91  66 1.80E+02
103  66 8.31E+02
110  66 4.21E+03
115  66 2.32E+03
118  66 1.26E+02
124  66 1.61E+03
130  66 1.73E+04
135  66 3.08E+04
148  66 1.48E+05
157  66 2.17E+05
165  66 1.12E+05
169  66 1.14E+02
179  66 8.65E+04
184  66 5.67E+04
192  66 4.54E+04
193  66 1.69E+06
203  66 1.70E+05
211  66 5.47E+04
215  66 1.74E+05
223  66 1.20E+06
229  66 5.67E+05
231  66 1.99E+00
234  66 2.63E+05
245  66 5.93E+04
 81  67 1.77E+00
 87  67 1.85E+03
 95  67 5.84E+01
 97  67 2.13E+02
100  67 6.47E+02
108  67 1.00E+04
117  67 1.19E+04
127  67 5.13E+03
129  67 9.62E+02
133  67 2.40E+03
143  67 7.74E+03
147  67 1.58E+03
151  67 1.91E+04
154  67 6.97E+04
156  67 2.96E+03
160  67 1.67E+04
164  67 4.75E+03
172  67 2.84E+03
174  67 5.58E+03
175  67 6.80E+03
180  67 3.61E+03
181  67 6.12E+03
186  67 2.23E+02
194  67 5.32E+02
197  67 1.35E+04
198  67 2.66E+04
205  67 8.59E+01
218  67 3.25E+04
219  67 6.43E+03
222  67 7.44E+03
227  67 5.20E+03
232  67 2.44E+02
238  67 1.86E+03
241  67 1.21E+04
242  67 4.01E+02
 74  68 1.84E-01
 77  68 7.43E-01
 84  68 8.40E+00
 89  68 6.30E-01
 92  68 9.25E+01
109  68 1.45E-01
125  68 1.19E-01
126  68 9.49E+02
137  68 6.42E+03
141  68 5.58E+04
142  68 4.02E+03
149  68 3.81E+04
158  68 2.28E+03
167  68 2.75E+03
176  68 8.71E+04
183  68 6.52E+03
196  68 8.41E+04
209  68 1.14E+04
212  68 2.73E+04
224  68 2.26E+04
236  68 1.54E+00
244  68 3.06E+05
246  68 4.82E+07
248  68 3.52E+05
249  68 6.42E+05
250  68 8.64E+05
 74  70 3.31E+00
 77  70 6.85E+01
 84  70 2.75E+02
 92  70 1.35E+02
109  70 6.69E+00
125  70 6.12E+00
126  70 2.24E+01
137  70 1.14E+04
141  70 2.87E+03
149  70 1.40E+04
158  70 6.77E+04
167  70 2.50E+01
176  70 3.31E+05
196  70 1.75E+04
204  70 8.59E+05
206  70 4.22E+05
209  70 2.65E+04
212  70 3.10E+05
224  70 1.51E+04
236  70 1.31E+02
240  70 5.80E+04
244  70 3.60E+05
246  70 6.33E+03
249  70 2.54E+06
250  70 2.81E+06
 75  73 1.03E-04
118  73 6.11E+03
124  73 3.46E+03
135  73 1.37E+04
165  73 3.32E+03
179  73 1.44E+05
184  73 5.02E+03
193  73 2.33E+05
211  73 2.41E+06
216  73 2.92E+05
229  73 4.42E+03
234  73 1.10E+05
 76  74 1.42E-01
 79  74 6.17E-01
 82  74 1.69E+03
 85  74 1.40E+03
 88  74 1.58E+04
 91  74 4.93E+01
 94  74 2.55E+03
102  74 2.42E+04
103  74 4.46E+03
107  74 8.29E+03
110  74 1.43E+02
113  74 3.14E+05
115  74 1.89E+02
130  74 6.22E+04
148  74 3.49E+03
157  74 3.11E+04
169  74 3.63E+04
170  74 1.07E+02
182  74 1.65E+03
189  74 2.54E+05
190  74 5.05E+04
192  74 1.17E+05
195  74 4.02E+05
200  74 4.32E+05
201  74 4.90E+03
203  74 8.52E+04
208  74 3.23E+04
214  74 5.74E+03
215  74 9.35E+03
220  74 1.46E+05
221  74 1.98E+05
223  74 2.66E+05
225  74 2.55E+03
226  74 2.56E+04
228  74 5.89E+04
231  74 2.05E+05
233  74 1.38E+02
239  74 2.43E+03
243  74 2.99E+05
245  74 1.12E+05
 89  75 1.62E-02
 90  75 4.62E+00
142  75 2.65E+03
183  75 5.31E+02
202  75 4.57E+01
248  75 2.82E+08
 77  76 6.22E-08
 84  76 1.71E+01
 89  76 2.77E+00
 90  76 1.67E+01
126  76 2.83E+03
141  76 8.35E+04
142  76 1.98E+03
149  76 3.10E+04
167  76 3.24E+02
176  76 1.23E+04
183  76 4.67E+03
202  76 4.58E+02
212  76 2.54E+05
246  76 1.55E+08
248  76 4.69E+07
250  76 2.36E+06
 79  77 2.55E-01
 82  77 1.03E+03
 85  77 2.32E+03
 88  77 3.98E+03
 91  77 2.74E+03
 94  77 3.85E+03
102  77 2.09E+04
103  77 1.21E+04
107  77 5.44E+03
110  77 9.99E+02
113  77 1.75E+05
115  77 1.47E+03
130  77 7.49E+03
148  77 3.08E+04
157  77 1.59E+02
169  77 5.13E+04
170  77 6.55E+04
182  77 1.04E+05
189  77 3.04E+04
190  77 2.76E+05
192  77 1.98E+05
195  77 6.34E+02
200  77 2.13E+05
201  77 8.60E+05
203  77 6.82E+04
208  77 1.43E+05
214  77 2.22E+05
215  77 2.73E+05
220  77 1.78E+05
221  77 3.99E+04
223  77 4.61E+03
225  77 7.74E+04
226  77 1.01E+06
228  77 1.52E+04
231  77 2.60E+05
233  77 5.56E+03
239  77 3.67E+04
243  77 2.86E+03
245  77 3.40E+05
 84  79 2.97E+00
 92  79 1.57E+02
109  79 5.36E+00
125  79 2.65E+01
126  79 6.55E+02
137  79 2.81E+04
141  79 1.04E+05
149  79 1.10E+05
158  79 1.01E+06
167  79 1.20E+05
176  79 3.29E+06
196  79 1.07E+06
204  79 4.06E+04
206  79 1.00E+04
209  79 1.89E+05
212  79 1.96E+06
224  79 2.21E+05
236  79 2.91E+02
240  79 2.98E+05
244  79 1.55E+05
246  79 9.20E+06
249  79 5.40E+07
250  79 3.78E+07
 86  81 1.36E+00
 96  81 2.86E+03
131  81 8.30E+03
161  81 2.59E+05
171  81 4.54E+03
185  81 4.33E+05
204  81 9.91E+04
206  81 7.49E+04
210  81 1.56E+04
213  81 1.15E+06
217  81 1.64E+07
230  81 1.38E+05
235  81 2.35E+05
237  81 8.68E+05
240  81 5.72E+05
 84  82 2.10E+00
 89  82 9.86E-04
 92  82 9.17E+02
109  82 2.67E-01
125  82 6.59E-01
126  82 1.82E+02
137  82 1.19E+04
141  82 2.59E+02
142  82 3.04E+03
149  82 1.68E+04
158  82 1.08E+06
167  82 7.60E-02
176  82 1.40E+05
183  82 4.75E+03
196  82 1.24E+06
209  82 1.96E+05
212  82 1.60E+05
224  82 1.10E+05
236  82 2.84E+00
244  82 9.56E+04
246  82 1.84E+07
248  82 2.78E+05
249  82 7.25E+07
250  82 2.21E+06
 85  84 6.39E-03
 88  84 4.00E+00
 91  84 3.35E+00
 94  84 2.47E+00
102  84 3.77E+01
103  84 1.48E-02
107  84 2.98E+01
110  84 1.93E+02
113  84 3.68E+03
115  84 5.78E+01
130  84 6.00E+02
148  84 7.57E+03
157  84 1.08E+02
169  84 1.74E+04
170  84 8.35E+04
182  84 5.03E+05
189  84 4.92E+02
190  84 3.52E+04
192  84 1.97E+04
195  84 7.15E+05
200  84 3.29E+03
201  84 1.57E+05
203  84 3.77E+03
208  84 4.38E+05
214  84 2.16E+04
215  84 2.07E+04
220  84 2.32E+04
221  84 4.51E+05
223  84 4.96E+03
225  84 2.04E+03
226  84 1.33E+05
228  84 5.13E+05
231  84 1.44E+03
233  84 2.85E+03
239  84 1.28E+04
243  84 6.29E+05
245  84 5.31E+04
 92  85 3.62E+01
109  85 3.42E-01
125  85 7.47E-02
126  85 9.22E+00
137  85 1.89E+03
141  85 1.26E+04
149  85 2.63E+04
158  85 4.49E+04
167  85 4.77E+02
176  85 5.12E+05
196  85 1.33E+05
204  85 1.04E+05
206  85 9.21E+04
209  85 5.00E+03
212  85 2.63E+05
224  85 4.93E+04
236  85 1.55E+02
240  85 2.94E+02
244  85 2.91E+04
246  85 1.24E+06
249  85 4.82E+06
250  85 5.39E+06
 87  86 4.90E-07
 95  86 4.76E+02
 97  86 4.45E+01
100  86 2.76E+02
108  86 2.52E+01
117  86 3.64E+03
127  86 2.31E+03
129  86 6.05E+03
133  86 4.08E+03
143  86 8.70E+02
147  86 5.11E+01
151  86 5.10E+03
154  86 3.68E+04
156  86 3.16E+03
160  86 8.81E+04
164  86 3.01E+04
172  86 3.03E+02
174  86 1.81E+04
175  86 3.36E+04
180  86 6.45E+03
181  86 5.28E+02
186  86 3.27E+04
194  86 1.56E+05
197  86 1.24E+05
198  86 1.46E+04
205  86 1.62E+01
218  86 6.75E+04
219  86 3.54E+04
222  86 6.28E+04
227  86 1.40E+04
232  86 2.11E+05
238  86 1.10E+04
241  86 9.53E+03
242  86 3.72E+03
131  87 2.37E+05
171  87 2.65E+03
185  87 7.72E+04
210  87 4.37E+04
230  87 6.78E+04
235  87 5.04E+06
237  87 5.09E+05
 89  88 1.13E-02
 92  88 3.68E+00
109  88 9.08E-01
125  88 4.78E+00
126  88 9.54E+01
137  88 5.46E+03
141  88 4.18E+04
142  88 8.50E+03
149  88 5.05E+04
158  88 1.25E+05
167  88 1.69E+04
176  88 9.18E+05
183  88 1.77E+04
196  88 3.11E+05
209  88 5.76E+04
212  88 1.28E+06
224  88 4.10E+04
236  88 1.00E+02
244  88 1.00E+05
246  88 1.28E+06
248  88 3.43E+06
249  88 8.42E+06
250  88 2.13E+07
 91  89 6.12E-03
 94  89 4.87E+00
102  89 1.24E+01
103  89 1.17E+00
107  89 1.77E+02
110  89 1.35E+02
113  89 3.47E+00
115  89 4.17E+02
118  89 1.54E+01
124  89 8.72E+02
130  89 5.06E+03
148  89 3.41E+03
157  89 5.02E+03
165  89 3.31E+04
169  89 1.11E+03
179  89 5.69E+02
192  89 8.74E+02
193  89 3.06E+04
200  89 2.08E+04
203  89 1.52E+04
214  89 3.18E+01
215  89 1.10E+05
220  89 1.92E+05
223  89 6.18E+04
225  89 1.55E+04
226  89 1.12E+03
229  89 2.95E+04
231  89 7.80E+04
233  89 2.21E+04
234  89 8.26E+04
245  89 2.50E+04
 91  90 2.32E-06
103  90 1.49E+00
110  90 5.63E+01
115  90 1.54E+03
118  90 1.05E+03
124  90 1.27E+03
130  90 2.69E+02
135  90 6.94E+01
148  90 3.13E+04
157  90 2.04E+03
165  90 9.08E+04
169  90 8.62E+04
179  90 1.38E+04
184  90 1.63E+02
192  90 5.76E+03
193  90 4.66E+04
203  90 4.28E+04
211  90 2.23E+02
215  90 2.05E+04
223  90 1.27E+04
229  90 3.02E+04
231  90 4.08E+04
234  90 1.65E+03
245  90 1.79E+05
126  91 5.63E+02
141  91 3.34E+04
142  91 1.39E+04
149  91 3.13E+04
167  91 8.23E+04
176  91 2.38E+06
183  91 1.43E+04
202  91 2.47E+01
212  91 1.86E+06
246  91 6.40E+04
248  91 2.04E+07
250  91 4.70E+07
 94  92 5.96E-03
102  92 1.45E+01
107  92 7.98E+01
113  92 8.00E+00
156  92 7.76E+04
164  92 3.47E+04
170  92 2.04E+03
175  92 9.48E+04
181  92 9.23E+04
182  92 8.37E+03
186  92 7.77E+04
189  92 5.68E+01
190  92 7.34E+03
194  92 3.49E+05
195  92 9.70E+04
200  92 4.64E+03
201  92 1.49E+02
205  92 2.18E+05
208  92 1.45E+03
214  92 4.53E+01
219  92 1.71E+03
220  92 2.56E+03
221  92 1.10E+05
225  92 7.54E+03
226  92 2.14E+03
227  92 2.17E+03
228  92 1.78E+04
233  92 2.21E+03
238  92 3.27E+04
239  92 4.13E+03
243  92 1.20E+05
109  94 5.41E-02
125  94 1.49E+00
126  94 2.00E+02
137  94 1.67E+02
141  94 7.67E+02
142  94 7.39E+03
149  94 1.56E+03
158  94 1.14E+04
167  94 1.23E+04
176  94 1.82E+03
183  94 1.01E+03
196  94 1.08E+05
209  94 9.77E+02
212  94 3.89E+04
224  94 1.77E+05
236  94 1.21E+02
244  94 6.16E+03
246  94 1.45E+05
248  94 4.67E+02
249  94 3.55E+06
250  94 4.68E+05
131  95 3.26E+02
171  95 2.81E+03
185  95 1.08E+03
210  95 8.64E+03
230  95 1.04E+03
235  95 3.57E+04
237  95 2.97E+03
 97  96 1.46E-01
100  96 8.70E-02
108  96 5.51E+02
127  96 2.54E+02
129  96 2.90E+04
133  96 1.94E+04
143  96 4.20E+03
147  96 6.96E+03
154  96 2.04E+04
172  96 3.97E+03
174  96 4.85E+04
180  96 1.70E+04
198  96 5.35E+05
218  96 5.36E+03
232  96 3.78E+05
242  96 9.75E+04
131  97 2.66E+04
161  97 1.52E+05
171  97 5.22E+04
185  97 1.37E+04
204  97 1.40E+04
206  97 9.80E+03
210  97 6.97E+04
213  97 1.73E+05
217  97 6.34E+05
230  97 2.55E+04
235  97 5.16E+05
237  97 5.60E+03
240  97 1.66E+02
131 100 3.66E+04
161 100 1.38E+05
171 100 2.12E+04
185 100 1.13E+05
204 100 6.31E+03
206 100 2.65E+04
210 100 2.98E+02
213 100 5.24E+05
217 100 7.81E+06
230 100 4.65E+04
235 100 1.06E+06
237 100 5.94E+04
240 100 1.73E+04
109 102 3.87E-02
125 102 5.17E-01
126 102 1.54E+01
137 102 3.41E+01
141 102 4.37E+03
142 102 8.06E+02
149 102 9.87E+02
158 102 3.34E+04
167 102 1.40E+00
176 102 9.50E+03
183 102 4.77E+00
196 102 1.66E+05
209 102 1.24E+04
212 102 5.88E+04
224 102 1.56E+05
236 102 3.36E+01
244 102 2.66E+03
246 102 5.17E+05
248 102 2.40E+04
249 102 8.86E+06
250 102 1.00E+06
126 103 3.25E+00
141 103 1.47E+03
142 103 1.90E+03
149 103 1.39E+03
167 103 2.48E+03
176 103 2.45E+05
183 103 3.00E+02
202 103 2.89E+00
212 103 3.44E+05
246 103 1.12E+04
248 103 1.03E+06
250 103 7.14E+06
109 107 1.75E-04
125 107 1.08E+00
126 107 2.00E+00
137 107 3.04E+01
141 107 1.88E+00
142 107 3.30E+02
149 107 4.54E+01
158 107 2.42E+03
167 107 3.53E+03
176 107 3.95E+04
183 107 2.90E+02
196 107 1.52E+04
209 107 5.01E+03
212 107 1.43E+04
224 107 1.59E+04
236 107 1.57E+02
244 107 2.31E+05
246 107 9.56E+04
248 107 2.94E+05
249 107 3.55E+05
250 107 3.79E+05
131 108 2.02E+04
161 108 6.76E+02
171 108 7.57E+03
185 108 7.08E+03
204 108 3.77E+03
206 108 4.69E+04
210 108 1.29E+05
213 108 1.11E+05
217 108 2.32E+06
230 108 8.89E+01
235 108 1.80E+06
237 108 5.62E+03
240 108 4.05E+02
113 109 2.23E-02
156 109 9.19E+01
164 109 2.74E+02
170 109 8.22E-01
175 109 3.21E+00
181 109 4.81E+01
182 109 7.88E-01
186 109 5.70E+02
189 109 8.17E+00
190 109 3.41E+01
194 109 2.44E+03
195 109 2.01E+02
200 109 7.15E+01
201 109 3.14E+02
205 109 2.36E+02
208 109 1.53E+02
214 109 5.45E+00
219 109 2.36E+02
220 109 1.59E+00
221 109 2.98E+01
225 109 3.96E+01
226 109 1.66E-01
227 109 9.51E+02
228 109 1.45E+02
233 109 4.64E+00
238 109 2.31E+02
239 109 9.06E-01
243 109 5.95E+01
126 110 5.49E+00
141 110 2.30E+02
142 110 3.08E+02
149 110 4.71E+02
167 110 8.66E+01
176 110 7.09E+04
183 110 2.91E+03
202 110 2.98E+02
212 110 2.70E+05
246 110 8.12E+04
248 110 3.49E+05
250 110 3.95E+06
125 113 2.05E-01
126 113 3.04E+00
137 113 1.65E+00
141 113 3.07E+03
142 113 3.25E+02
149 113 8.23E+03
158 113 5.68E+03
167 113 6.26E+03
176 113 2.49E+05
183 113 3.43E+02
196 113 6.41E+02
209 113 2.67E-01
212 113 3.97E+05
224 113 4.65E+02
236 113 1.09E+02
244 113 1.05E+04
246 113 9.77E+04
248 113 1.55E+06
249 113 1.63E+06
250 113 1.36E+07
126 115 1.72E+00
141 115 6.25E-01
142 115 5.34E+02
149 115 1.24E+02
167 115 2.17E+01
176 115 5.04E+04
183 115 1.10E-01
202 115 2.76E+00
212 115 3.96E+05
246 115 1.19E+05
248 115 1.78E+05
250 115 3.97E+06
131 117 2.06E+03
171 117 7.36E+03
185 117 6.00E+02
210 117 4.34E+04
230 117 1.17E+00
235 117 3.10E+05
237 117 2.95E+03
142 118 5.77E+01
183 118 2.45E+02
202 118 1.70E+02
248 118 2.53E+04
142 124 5.31E-01
183 124 6.24E+02
202 124 1.22E+03
248 124 8.34E+03
156 125 3.64E+00
164 125 1.41E+01
170 125 1.29E+00
175 125 3.91E+02
181 125 4.29E+01
182 125 7.18E+01
186 125 6.16E+00
189 125 1.93E+01
190 125 2.64E+01
194 125 4.73E+01
195 125 8.15E+00
200 125 1.25E+02
201 125 4.40E+02
205 125 1.65E+02
208 125 3.70E+02
214 125 2.37E-01
219 125 5.84E+02
220 125 8.33E+00
221 125 6.69E+02
225 125 3.64E+01
226 125 2.04E-02
227 125 1.09E+01
228 125 2.54E+02
233 125 4.43E+01
238 125 4.63E+00
239 125 1.19E+02
243 125 1.22E+02
130 126 3.28E-02
148 126 1.90E+01
157 126 6.14E+00
169 126 1.24E+02
170 126 7.33E+01
182 126 1.65E+04
189 126 1.52E+03
190 126 1.78E+03
192 126 1.11E+02
195 126 5.28E+03
200 126 1.17E+03
201 126 1.36E+04
203 126 3.20E+02
208 126 1.97E+04
214 126 1.75E+03
215 126 2.05E+03
220 126 5.79E+03
221 126 9.48E+03
223 126 8.71E+03
225 126 2.23E+04
226 126 6.03E+03
228 126 1.63E+04
231 126 4.50E+03
233 126 4.46E+03
239 126 1.80E+04
243 126 2.65E+04
245 126 3.00E+03
131 127 7.18E+00
161 127 1.85E+03
171 127 5.81E+01
185 127 1.09E+02
204 127 7.22E+02
206 127 2.42E+03
210 127 2.50E+02
213 127 1.28E+03
217 127 1.06E+05
230 127 3.57E+03
235 127 9.43E+04
237 127 7.34E+01
240 127 4.96E+03
131 129 1.10E-01
161 129 1.77E+03
171 129 1.15E+04
185 129 1.98E+03
204 129 7.30E+03
206 129 8.30E+02
210 129 7.02E+03
213 129 1.33E+04
217 129 4.21E+05
230 129 6.69E+02
235 129 2.11E+04
237 129 3.22E+03
240 129 6.99E+02
141 130 6.51E+00
142 130 1.28E+02
149 130 4.04E-01
167 130 3.05E+02
176 130 4.50E+03
183 130 3.19E+02
202 130 9.89E+01
212 130 3.84E+04
246 130 1.42E+04
248 130 2.98E+04
250 130 4.93E+05
133 131 1.67E+00
143 131 1.57E+01
147 131 2.03E+02
151 131 2.30E+03
154 131 4.14E+03
156 131 1.73E+02
160 131 1.84E+03
164 131 2.90E+03
172 131 5.03E+03
174 131 1.68E+01
175 131 3.77E+02
180 131 7.75E+02
181 131 5.32E+03
186 131 1.91E+03
194 131 2.51E+03
197 131 2.18E+03
198 131 2.51E+00
205 131 5.10E+03
218 131 3.60E+02
219 131 1.17E+04
222 131 1.82E+05
227 131 8.90E+02
232 131 4.54E+01
238 131 3.52E+03
241 131 2.38E+04
242 131 3.32E+03
161 133 1.14E+03
171 133 2.36E+02
185 133 2.58E+03
204 133 6.57E+03
206 133 3.93E+02
210 133 5.73E-03
213 133 1.38E+04
217 133 4.84E+05
230 133 3.03E+04
235 133 1.82E+05
237 133 3.35E+03
240 133 2.06E+02
202 135 4.16E+02
156 137 3.48E+02
164 137 3.95E+02
170 137 3.81E+03
175 137 4.47E+02
181 137 1.02E+04
182 137 1.59E+03
186 137 8.46E+02
189 137 1.85E+02
190 137 5.82E+02
194 137 6.45E+03
195 137 4.73E+02
200 137 1.24E+03
201 137 8.96E+03
205 137 5.69E+03
208 137 1.17E+02
214 137 2.91E+01
219 137 8.42E+02
220 137 3.20E+03
221 137 2.79E+04
225 137 2.49E+03
226 137 1.13E+02
227 137 2.73E+02
228 137 4.36E+04
233 137 2.36E+03
238 137 1.22E+03
239 137 9.74E+03
243 137 7.15E+02
148 141 2.15E+00
157 141 5.37E+00
169 141 4.28E+01
170 141 5.26E+01
182 141 3.26E+01
189 141 1.51E+02
190 141 4.44E+02
192 141 1.57E+01
195 141 3.09E+02
200 141 3.73E+03
201 141 3.16E+02
203 141 5.37E+02
208 141 2.25E+03
214 141 6.92E+03
215 141 2.20E+03
220 141 1.23E+03
221 141 4.64E+03
223 141 1.53E+04
225 141 1.19E+01
226 141 2.11E+01
228 141 2.13E+00
231 141 9.35E+03
233 141 9.10E+02
239 141 1.82E+02
243 141 2.50E+03
245 141 1.56E+03
148 142 1.65E-01
157 142 1.27E+02
165 142 1.61E+00
169 142 3.47E-02
179 142 1.49E+02
192 142 6.60E+02
193 142 4.14E+01
200 142 1.08E+04
203 142 3.66E+03
214 142 2.05E+02
215 142 4.39E+03
220 142 2.60E+04
223 142 8.83E+04
225 142 1.93E+04
226 142 2.17E+03
229 142 1.32E+03
231 142 2.13E+04
233 142 3.43E+04
234 142 6.51E+02
245 142 1.18E+02
161 143 2.46E+02
171 143 9.95E+01
185 143 7.32E+02
204 143 1.25E+03
206 143 5.47E+02
210 143 9.54E+03
213 143 2.60E+04
217 143 3.33E+05
230 143 9.59E+03
235 143 2.29E+04
237 143 1.77E+03
240 143 8.03E+01
161 147 9.34E+01
171 147 4.98E+02
185 147 1.30E+02
204 147 6.12E+02
206 147 2.73E+03
210 147 1.82E+02
213 147 1.95E+04
217 147 5.53E+04
230 147 3.05E+02
235 147 5.61E+04
237 147 3.32E+02
240 147 1.63E+02
149 148 7.09E-05
167 148 1.78E+02
176 148 2.70E+01
183 148 2.31E+02
202 148 1.55E+01
212 148 2.11E+03
246 148 6.47E+03
248 148 2.73E+03
250 148 5.58E+05
157 149 4.19E+00
169 149 5.54E+01
170 149 1.59E+01
182 149 9.89E+02
189 149 4.30E+03
190 149 7.90E+01
192 149 5.96E+01
195 149 9.96E+02
200 149 6.77E+02
201 149 2.11E+02
203 149 6.95E+02
208 149 2.22E+02
214 149 4.31E+03
215 149 9.27E+02
220 149 6.80E+03
221 149 2.75E+03
223 149 5.01E+03
225 149 1.75E+04
226 149 2.20E+04
228 149 3.15E+03
231 149 1.46E+02
233 149 3.14E+04
239 149 7.05E+03
243 149 2.55E+04
245 149 6.71E+03
171 151 2.60E+02
185 151 1.45E-01
210 151 2.31E+03
230 151 2.85E+02
235 151 8.07E+04
237 151 6.57E-01
161 154 6.51E+00
171 154 2.10E+01
185 154 4.85E+01
204 154 3.12E+02
206 154 6.73E+02
210 154 1.98E+02
213 154 6.48E+02
217 154 2.11E+04
230 154 1.45E+03
235 154 1.35E+05
237 154 1.49E+02
240 154 3.00E+01
158 156 2.30E-02
171 156 2.54E+01
185 156 1.47E+00
196 156 6.44E+02
204 156 5.91E+03
206 156 6.19E+01
209 156 2.71E+00
210 156 1.69E+03
224 156 3.22E+03
230 156 1.47E+02
235 156 8.33E+03
236 156 5.23E+00
237 156 2.34E+01
240 156 3.92E+02
244 156 1.61E+02
249 156 3.41E+04
167 157 6.67E+00
176 157 5.38E+01
183 157 2.71E+01
202 157 1.05E+02
212 157 1.70E+02
246 157 7.09E+01
248 157 2.29E+03
250 157 6.13E+03
164 158 1.40E-01
170 158 6.28E+01
175 158 7.71E+01
181 158 2.91E+02
182 158 1.17E+03
186 158 2.90E-01
189 158 8.06E+01
190 158 2.33E+00
194 158 4.31E+01
195 158 1.08E+02
200 158 7.18E+02
201 158 7.37E+01
205 158 7.98E+02
208 158 2.04E+03
214 158 2.89E-01
219 158 1.46E+03
220 158 1.90E+02
221 158 6.58E+03
225 158 7.80E+02
226 158 3.16E+03
227 158 2.01E+00
228 158 5.84E+02
233 158 1.02E+04
238 158 4.42E+01
239 158 9.65E+02
243 158 1.41E+03
171 160 1.86E+01
185 160 1.74E+00
210 160 1.21E+02
230 160 1.53E+03
235 160 2.70E+04
237 160 4.68E+01
172 161 6.71E+00
174 161 4.28E+01
180 161 1.09E+01
198 161 1.69E+02
218 161 3.71E+03
232 161 5.44E+03
242 161 3.22E+03
171 164 4.23E+00
185 164 2.31E+01
196 164 4.07E+03
204 164 2.60E+03
206 164 1.33E+03
209 164 2.78E+02
210 164 5.98E+02
224 164 1.07E+03
230 164 1.10E+03
235 164 4.58E+04
236 164 4.43E-01
237 164 1.10E+01
240 164 8.53E+02
244 164 7.87E+01
249 164 2.43E+04
183 165 1.58E-01
202 165 1.17E+03
248 165 1.13E-01
169 167 1.18E-01
170 167 2.78E-02
182 167 4.29E+01
189 167 5.81E+01
190 167 1.61E+02
192 167 8.20E+01
195 167 3.06E+01
200 167 1.54E+03
201 167 3.01E+02
203 167 5.05E+01
208 167 1.05E+03
214 167 3.11E-01
215 167 6.02E+01
220 167 4.12E+02
221 167 1.87E+03
223 167 1.35E+03
225 167 1.10E+04
226 167 3.74E+02
228 167 1.50E+02
231 167 9.09E+01
233 167 2.47E+03
239 167 1.42E+02
243 167 6.84E+02
245 167 1.71E+02
176 169 1.52E-02
183 169 2.30E+01
202 169 1.38E+02
212 169 7.80E+02
246 169 1.19E+02
248 169 5.94E+02
250 169 8.77E+04
176 170 9.79E-01
196 170 4.97E+00
204 170 7.52E+00
206 170 1.30E+02
209 170 1.61E+02
212 170 9.46E+01
224 170 3.05E+01
236 170 1.50E-03
240 170 3.32E+01
244 170 5.57E+01
246 170 1.76E+02
249 170 6.26E+03
250 170 1.83E+04
172 171 1.23E-02
174 171 9.16E-03
175 171 1.61E-01
180 171 2.14E-01
181 171 3.47E+01
186 171 2.30E+01
194 171 2.28E+01
197 171 1.61E+02
198 171 3.64E+00
205 171 1.26E+02
218 171 4.65E+03
219 171 2.09E-02
222 171 7.79E+02
227 171 1.52E+01
232 171 1.70E+04
238 171 2.02E+02
241 171 8.77E+03
242 171 6.42E+03
185 172 1.55E-02
204 172 1.20E-01
206 172 1.35E+01
210 172 2.90E+02
213 172 4.95E+02
217 172 1.84E+03
230 172 6.90E+01
235 172 1.61E+04
237 172 5.58E-01
240 172 3.95E+01
185 174 1.38E+00
204 174 1.54E+01
206 174 4.72E+01
210 174 8.59E+01
213 174 6.39E+01
217 174 1.30E+03
230 174 4.89E-01
235 174 6.35E+02
237 174 3.48E+01
240 174 1.24E+00
185 175 4.78E-01
196 175 6.83E+02
204 175 8.54E+02
206 175 1.49E+02
209 175 3.09E+02
210 175 1.34E+03
224 175 1.17E+02
230 175 3.36E+03
235 175 7.93E+03
236 175 5.65E-02
237 175 5.33E+01
240 175 2.64E+02
244 175 1.55E+01
249 175 4.56E+02
182 176 2.27E+00
189 176 3.86E+01
190 176 4.22E+02
192 176 2.94E+00
195 176 8.37E+01
200 176 4.95E+01
201 176 3.29E+02
203 176 4.27E+02
208 176 4.43E+02
214 176 2.67E+02
215 176 4.28E+02
220 176 9.06E+02
221 176 2.50E+03
223 176 4.38E+01
225 176 2.65E+02
226 176 6.15E+00
228 176 1.20E+04
231 176 1.70E+03
233 176 1.68E+03
239 176 1.84E+03
243 176 2.02E+04
245 176 5.09E+01
183 179 2.06E-01
202 179 7.15E-01
248 179 6.03E+02
185 180 5.58E-03
204 180 2.65E+03
206 180 1.32E+03
210 180 1.78E+04
213 180 2.52E+04
217 180 1.61E+03
230 180 7.77E+02
235 180 1.42E+03
237 180 2.19E+00
240 180 1.86E+03
185 181 1.26E-01
196 181 6.29E+01
204 181 5.30E+01
206 181 3.13E+00
209 181 5.77E-01
210 181 1.84E+02
224 181 2.25E+02
230 181 4.89E+02
235 181 9.90E+03
236 181 7.06E-01
237 181 8.32E+01
240 181 7.63E+00
244 181 8.16E+01
249 181 1.75E+04
196 182 1.15E+02
204 182 5.57E+00
206 182 2.55E+02
209 182 2.30E+01
212 182 3.44E+01
224 182 3.59E+02
236 182 1.48E+00
240 182 2.81E+01
244 182 1.25E+02
246 182 6.32E+02
249 182 7.47E+04
250 182 1.46E+01
192 183 1.79E+01
193 183 6.58E+00
200 183 7.55E+00
203 183 2.23E+02
214 183 1.11E+02
215 183 2.63E+02
220 183 9.01E-01
223 183 7.47E+00
225 183 2.64E+02
226 183 8.28E+01
229 183 1.33E+03
231 183 2.82E+03
233 183 9.48E+02
234 183 5.21E+01
245 183 4.67E+03
202 184 5.36E-01
186 185 3.97E-03
194 185 1.75E-02
197 185 4.88E+00
198 185 3.99E+00
205 185 1.85E+00
218 185 9.15E+00
219 185 4.68E+01
222 185 3.21E+02
227 185 2.36E+00
232 185 3.86E-01
238 185 1.06E+01
241 185 2.60E+01
242 185 2.30E+03
196 186 2.34E+00
204 186 9.65E+00
206 186 4.55E+01
209 186 4.36E+01
210 186 1.34E+02
224 186 1.20E+02
230 186 4.08E+01
235 186 5.76E+03
236 186 9.10E-02
237 186 6.66E+00
240 186 7.14E+01
244 186 2.03E+01
249 186 6.34E+04
196 189 1.71E-02
204 189 6.53E-02
206 189 3.35E+00
209 189 5.05E+00
212 189 9.64E+01
224 189 1.75E+02
236 189 2.32E-01
240 189 1.29E+01
244 189 3.62E+01
246 189 5.84E+02
249 189 2.53E+04
250 189 5.88E+04
196 190 4.50E+00
204 190 4.99E+00
206 190 1.99E+00
209 190 2.50E+01
212 190 2.97E+00
224 190 1.66E+02
236 190 1.26E+00
240 190 4.46E+01
244 190 5.93E+01
246 190 4.28E+01
249 190 3.81E+03
250 190 2.72E+04
202 192 1.34E+00
212 192 4.04E+01
246 192 7.83E+01
248 192 9.31E-01
250 192 2.23E+03
202 193 3.63E-02
248 193 2.23E+02
196 194 6.26E-05
204 194 8.61E-01
206 194 2.32E+01
209 194 4.99E+01
210 194 4.34E+00
224 194 1.03E-01
230 194 5.53E+01
235 194 8.96E+02
236 194 6.33E-02
237 194 6.33E+00
240 194 5.91E+00
244 194 4.16E+00
249 194 9.01E+02
196 195 2.33E-03
204 195 3.08E+00
206 195 8.06E-01
209 195 5.83E+00
212 195 2.44E+00
224 195 2.82E+02
236 195 4.81E-01
240 195 4.84E+01
244 195 7.61E+00
246 195 1.16E+02
249 195 9.36E+03
250 195 2.71E+04
200 196 4.92E-02
201 196 2.10E+00
205 196 1.81E+01
208 196 1.16E+01
214 196 1.46E-01
219 196 5.22E+01
220 196 4.01E+01
221 196 6.57E+01
225 196 3.52E+00
226 196 1.36E+01
227 196 4.39E+03
228 196 4.75E+02
233 196 1.07E+01
238 196 6.87E+02
239 196 2.68E+01
243 196 5.38E+02
210 197 4.19E-01
230 197 5.15E+01
235 197 2.74E+01
237 197 4.01E+01
204 198 8.42E-02
206 198 1.81E-05
210 198 1.45E+00
213 198 2.74E-01
217 198 9.58E-03
230 198 3.17E+01
235 198 2.96E+00
237 198 3.32E+01
240 198 2.39E+01
209 200 3.48E-01
212 200 1.04E+01
224 200 1.56E+00
236 200 1.54E-01
244 200 6.31E+01
246 200 1.42E+02
248 200 5.77E+02
249 200 2.75E+04
250 200 1.18E+05
204 201 8.48E-06
206 201 2.84E+00
209 201 3.18E-02
212 201 1.90E+00
224 201 5.23E+01
236 201 5.33E-02
240 201 1.21E-01
244 201 1.71E+00
246 201 2.87E+02
249 201 2.65E+04
250 201 1.42E+04
203 202 1.09E-04
211 202 1.53E-01
215 202 2.05E+00
223 202 6.98E-02
229 202 6.57E+00
231 202 1.79E+01
234 202 1.71E+03
245 202 4.73E+02
212 203 2.43E-02
246 203 8.84E+02
248 203 2.90E+03
250 203 1.29E+05
205 204 5.44E-06
208 204 1.98E-01
218 204 2.45E+01
219 204 3.67E+01
221 204 1.90E+00
227 204 1.96E+03
228 204 4.58E+01
232 204 9.35E+02
238 204 4.47E+00
239 204 4.45E+00
242 204 2.89E+04
243 204 7.33E+01
206 205 3.09E-01
209 205 1.50E-01
210 205 2.05E+00
224 205 3.22E+01
230 205 8.76E+01
235 205 3.26E+02
236 205 7.67E-02
237 205 1.13E+01
240 205 6.76E+01
244 205 8.52E+01
249 205 2.22E+04
208 206 4.18E-03
218 206 8.62E+00
219 206 4.25E+00
221 206 3.58E-01
227 206 2.48E+02
228 206 8.85E+00
232 206 1.45E+01
238 206 2.67E+01
239 206 2.20E+02
242 206 5.59E+03
243 206 5.27E+01
209 208 7.55E-06
212 208 1.06E-01
224 208 8.55E+00
236 208 8.72E-03
240 208 2.59E+01
244 208 3.13E+01
246 208 2.60E+01
249 208 2.32E+04
250 208 1.05E+02
214 209 4.00E-02
219 209 7.31E-02
220 209 1.27E+00
221 209 1.06E+00
225 209 3.31E-02
226 209 3.57E-02
227 209 6.94E+01
228 209 4.54E+01
233 209 3.10E+00
238 209 2.70E+00
239 209 8.69E+01
243 209 3.57E+02
218 210 2.34E+00
219 210 7.75E-01
222 210 1.03E+01
227 210 2.26E+02
232 210 1.25E+02
238 210 6.48E+01
241 210 4.85E-01
242 210 2.36E+04
214 212 9.38E-04
215 212 1.20E-03
220 212 3.21E-01
221 212 1.01E+00
223 212 1.53E-01
225 212 5.05E+01
226 212 5.22E+00
228 212 3.41E+00
231 212 9.90E-01
233 212 1.86E+02
239 212 1.10E+02
243 212 1.09E+02
245 212 6.27E+02
218 213 4.14E-01
232 213 3.72E+01
242 213 1.00E+04
224 214 1.83E+00
236 214 2.08E-01
244 214 1.54E-01
246 214 2.41E+02
248 214 8.47E+02
249 214 3.37E+04
250 214 3.66E+04
246 215 4.26E+01
248 215 1.81E+01
250 215 3.36E+04
218 217 8.92E-04
232 217 1.32E+01
242 217 1.86E+03
230 218 5.63E+00
235 218 2.42E+02
237 218 2.36E+00
240 218 1.41E-01
224 219 6.24E+00
230 219 3.69E+00
235 219 8.82E+02
236 219 3.82E-02
237 219 1.29E-01
240 219 2.94E+01
244 219 3.25E-01
249 219 4.45E+03
224 220 4.29E-01
236 220 3.36E-03
244 220 9.84E+00
246 220 2.69E-01
248 220 2.53E+03
249 220 4.31E+03
250 220 2.14E+05
224 221 6.30E-02
236 221 1.59E-02
240 221 4.58E+00
244 221 1.57E+01
246 221 1.82E+02
249 221 1.81E+04
250 221 2.00E+04
230 222 1.59E+01
235 222 5.42E+02
237 222 6.60E+00
246 223 5.26E+01
248 223 1.52E+00
250 223 8.10E+03
225 224 2.50E-02
226 224 1.14E-02
227 224 1.87E+00
228 224 5.60E-01
233 224 1.65E+00
238 224 1.73E+01
239 224 1.85E-02
243 224 6.78E+01
236 225 1.20E-02
244 225 3.96E+00
246 225 1.15E+02
248 225 4.09E+00
249 225 3.06E+04
250 225 5.06E+03
236 226 1.54E-02
244 226 2.64E-01
246 226 1.34E+01
248 226 4.06E+00
249 226 1.70E+03
250 226 7.39E+01
230 227 2.98E-04
235 227 1.99E-01
236 227 4.71E-04
237 227 7.66E-04
240 227 5.18E-02
244 227 1.62E+00
249 227 3.05E+03
236 228 2.57E-03
240 228 2.62E-01
244 228 6.35E-02
246 228 2.39E+00
249 228 5.62E+01
250 228 5.56E+02
248 229 2.65E+01
232 230 1.11E-02
238 230 2.29E+00
241 230 2.03E-03
242 230 8.37E+01
246 231 4.42E+01
248 231 3.38E+02
250 231 6.54E+03
235 232 4.91E-01
237 232 8.74E-04
240 232 1.09E-01
236 233 4.32E-05
244 233 9.29E-01
246 233 5.58E+01
248 233 3.74E+01
249 233 7.44E+03
250 233 1.05E+02
248 234 6.61E+01
238 235 3.86E-01
241 235 5.75E-01
242 235 2.69E+00
238 236 2.77E-05
239 236 1.61E-07
243 236 6.22E-03
238 237 8.18E-05
241 237 2.11E-01
242 237 1.39E+00
240 238 2.48E-04
244 238 2.34E-01
249 238 1.62E+02
240 239 3.10E-04
244 239 1.91E-01
246 239 4.53E+00
249 239 7.76E+03
250 239 1.48E+03
242 240 6.14E-01
243 240 8.34E-03
244 243 1.52E-05
246 243 1.34E-02
249 243 9.01E+02
250 243 5.56E+02
246 245 1.05E-01
248 245 1.62E+01
250 245 8.15E+01
